pcode  1: |                                                                                
pcode  2: |  0 |  0 |  0 |  0 |  0 |                                                                           
pcode  3: |  0 |  0 |  0 |  0 |  0 |  1 |                                                                          
pcode  4: |  0 |  0 |  0 |  0 |  1 |  1 |                                                                          
pcode  5: |  0 |  0 |  0 |  0 |  1 |  1 |                                                                          
pcode  6: |  0 |  0 |  0 |  1 |  1 |  1 |                                                                          
pcode  7: |  0 |  0 |  0 |  1 |  1 |  1 |                                                                          
pcode  8: |  0 |  0 |  0 |  1 |  1 |                                                                           
pcode  9: |  0 |  0 |  0 |  1 |  1 |                                                                           
pcode 10: |  0 |  0 |  0 |  1 |  1 |  1 |                                                                          
pcode 11: |  0 |  0 |  0 |  1 |  1 |                                                                           
pcode 12: |  0 |  0 |  0 |  1 |  1 |                                                                           
pcode  0: |                                                                                
